rms = 0.232162
fx = 671.116259
fy = 671.116259
cx = 320.000000
cy = 240.000000
k1 = 0.206446
k2 = -0.679159
p1 = -0.005183
p2 = -0.001148

hfov = 51.0deg
vfov = 39.4deg