rms = 0.297857
fx = 645.360567
fy = 645.360567
cx = 320.000000
cy = 240.000000
k1 = 0.126365
k2 = -0.383103
p1 = -0.004007
p2 = -0.001308

hfov = 52.7deg
vfov = 40.8deg
